OFFLINEIMAP LocalStatus CACHE DATA - DO NOT MODIFY - FORMAT 2
7680||0|
7681|S|0|
8023|S|0|
7683||0|
7684||0|
7685||0|
7686||0|
7690||0|
7691||0|
7693||0|
7694||0|
7695|S|0|
7696|S|0|
7698|S|0|
7699||0|
7702|S|0|
7703|S|0|
7704|S|0|
7709|S|0|
7710|S|0|
7711|S|0|
7712|S|0|
7713|S|0|
7716|S|0|
7717|S|0|
7718||0|
7720|S|0|
7726|S|0|
7728||0|
7729|S|0|
7730||0|
7732||0|
7733||0|
7734||0|
7736||0|
7737||0|
7738||0|
7740||0|
7741||0|
7742||0|
7744|S|0|
7746||0|
7748|S|0|
7749|S|0|
7751||0|
7752|S|0|
7753|S|0|
7757|S|0|
7759|S|0|
7760|S|0|
7761|S|0|
7762|S|0|
7771||0|
7772||0|
7773||0|
7774||0|
7778||0|
7779|S|0|
7780|S|0|
7781|S|0|
7782|S|0|
7783|S|0|
7784|S|0|
7786||0|
7787|S|0|
8051||0|
7800|S|0|
7801|S|0|
7803|S|0|
7804|S|0|
7805|S|0|
7807|S|0|
7808|S|0|
7809|S|0|
7810||0|
8043||0|
7812|S|0|
8000|S|0|
7817|S|0|
7818|S|0|
7819|S|0|
7820||0|
8045||0|
7829|S|0|
7830|S|0|
7831|S|0|
7832|S|0|
7833|S|0|
7834|S|0|
8047||0|
7837||0|
7840|S|0|
7841|S|0|
7842|S|0|
7843|S|0|
7845||0|
7846||0|
7849||0|
7851||0|
7852||0|
7853||0|
7855||0|
7857|S|0|
7858|S|0|
7859|S|0|
7860|S|0|
7863||0|
7864||0|
8053||0|
7997||0|
7875||0|
7876|S|0|
7877|S|0|
7878|S|0|
7882|S|0|
7883|S|0|
7884|S|0|
7885||0|
7887||0|
7888|S|0|
7890||0|
7894||0|
8057||0|
7902|S|0|
7903|S|0|
7904|S|0|
7905|S|0|
7906|S|0|
7907||0|
7909||0|
7911|S|0|
7913||0|
7922|S|0|
7924|S|0|
7926|S|0|
7671|S|0|
7928|S|0|
7930|S|0|
7934|S|0|
7935|S|0|
7941|S|0|
7943|S|0|
7980||0|
7948||0|
7952||0|
7954|S|0|
7955|S|0|
7956|S|0|
7957|S|0|
7958|S|0|
7959|S|0|
7960|S|0|
7962||0|
7964|S|0|
7965||0|
7985|S|0|
7464||0|
7465|S|0|
7466|S|0|
7467|S|0|
7468|S|0|
7469|S|0|
7982||0|
7471|S|0|
7984||0|
7473||0|
7986||0|
7987||0|
7476||0|
7477|S|0|
7478||0|
7479|S|0|
7992||0|
7993||0|
7994||0|
7483|S|0|
7996||0|
7485|S|0|
7486|S|0|
7488||0|
7489||0|
7491|S|0|
7990||0|
7497|S|0|
7498|S|0|
7499|S|0|
7500|S|0|
7501|S|0|
7502|RS|0|
7505||0|
7506|S|0|
7508|S|0|
7509|S|0|
7510|S|0|
7511|S|0|
7512|S|0|
7513|S|0|
7517||0|
7518|S|0|
7520||0|
7523||0|
7524|S|0|
7526|S|0|
7527|S|0|
7528||0|
7529|S|0|
7530||0|
7531||0|
7532|S|0|
7533||0|
7534||0|
7535|S|0|
7536|RS|0|
7539||0|
7540||0|
7541||0|
7543|S|0|
7544||0|
7545|S|0|
7546||0|
7548|FS|0|
7550|S|0|
7551||0|
7552||0|
7553||0|
7554||0|
7555||0|
7556|S|0|
7561|RS|0|
7563||0|
7564|S|0|
7567||0|
7570||0|
7571||0|
7573|S|0|
7574||0|
7575||0|
7576|S|0|
7577||0|
7578||0|
7579|S|0|
7580|S|0|
7581||0|
7582||0|
7583||0|
7584||0|
7586||0|
7587||0|
7588||0|
7589|S|0|
7590||0|
7591|S|0|
7592|S|0|
7593|S|0|
7597||0|
7599|S|0|
7600||0|
7602||0|
7603|S|0|
7604||0|
7605|S|0|
7608||0|
7609||0|
7610||0|
7611|S|0|
7613||0|
7614||0|
7619||0|
7620|S|0|
7622||0|
7624||0|
7625||0|
7626||0|
7627|S|0|
7629|S|0|
7636||0|
7638||0|
7641||0|
7642||0|
7644||0|
7645|RS|0|
7646|S|0|
7648|S|0|
7649|S|0|
7653|S|0|
7654||0|
8017|S|0|
7656|S|0|
7657||0|
7995||0|
7659|S|0|
7663||0|
7664||0|
7665||0|
7484|S|0|
7672|S|0|
7673|S|0|
7674|S|0|
7677|S|0|
7474|S|0|
